194
194
194
194
195
195
194
194
194
194
194
194
193
194
193
193
193
191
191
191
191
191
190
190
190
189
189
189
187
188
188
187
188
187
187
186
187
186
185
184
183
181
180
181
180
179
178
178
177
177
177
177
177
177
175
175
175
175
175
173
173
173
172
171
171
170
169
169
169
170
169
169
169
170
169
169
169
169
169
169
169
169
168
167
167
167
165
165
165
164
164
164
162
163
162
162
162
161
162
161
161
162
161
160
159
159
159
159
160
159
158
158
158
159
158
158
158
158
159
158
158
158
157
157
157
157
157
157
156
157
156
156
155
156
157
157
156
156
156
157
157
156
156
157
156
157
157
156
157
157
157
156
156
156
156
156
156
156
156
157
156
156
157
157
156
156
156
156
156
157
156
157
156
157
156
156
157
156
156
156
155
157
