774
614
527
464
409
395
363
333
326
340
326
307
316
336
336
319
306
311
335
327
343
316
297
307
329
337
318
297
305
327
337
320
302
301
312
339
321
338
326
308
300
308
335
334
318
306
308
328
349
346
330
315
325
178
207
271
320
335
322
311
309
315
340
338
320
306
306
318
333
334
335
337
331
074 01023
173
262
290
301
248
414
193
153
153
153
152
152
152
151
151
151
150
150
150
150
149
149
148
148
148
147
148
147
147
147
146
146
147
146
145
145
158
212
267
328
377
382
372
360
349
338
327
318
309
300
292
284
277
271
265
258
253
247
242
238
234
229
225
222
219
215
212
209
206
203
201
199
196
194
192
190
189
187
185
183
182
180
179
177
176
175
174
173
172
171
169
169
168
167
166
165
164
164
162
162
161
161
160
159
159
158
158
157
157
157
156
155
155
155
154
154
153
152
152
152
151
151
151
151
150
150
149
150
149
149
148
148
148
148
148
147
147
147
147
146
146
147
146
145
145
145
145
144
145
145
144
144
144
144
144
144
143
144
143
143
143
143
143
143
142
142
142
142
142
142
141
140
141
141
140
140
140
140
139
139
140
140
139
139
139
139
139
140
139
139
139
139
140
139
139
139
138
139
139
138
138
139
139
138
