148
148
148
148
148
151
151
154
166
175
184
190
198
204
210
215
220
222
223
223
223
221
219
217
217
217
219
221
222
222
221
222
222
222
221
220
220
218
218
215
214
212
211
210
209
209
207
207
206
205
206
203
203
201
200
199
197
195
194
193
192
192
193
193
193
192
193
192
191
191
190
190
190
189
188
189
188
186
186
186
186
185
185
186
185
184
183
184
183
182
182
181
182
181
180
178
179
178
178
178
179
177
177
176
176
175
175
175
174
173
173
173
172
172
172
172
171
171
171
170
170
170
170
170
171
169
169
169
170
168
169
168
168
167
168
167
167
168
168
166
167
167
167
167
166
166
165
166
165
164
164
164
164
164
164
163
163
162
162
163
162
162
162
162
161
162
161
160
161
161
161
161
160
160
160
160
160
160
161
160
160
159
159
159
159
159
158
158
158
158
158
158
158
158
157
158
157
156
156
157
156
157
157
156
157
156
157
156
156
156
156
156
156
155
156
155
156
155
156
155
156
155
155
155
156
156
154
155
156
155
155
156
154
155
155
154
154
154
154
154
154
153
154
153
154
155
154
155
154
154
155
154
153
154
153
154
154
155
154
154
155
155
155
154
156
154
154
154
155
155
155
